Linear SVC:
Accuracy: 0.9393321635012386
Precision: 0.9303624161073826
ROC-AUC: 0.9838970157515193
R² Score: 0.7566883186562681

Logistic Regression:
R-squared: 0.9059312420955595
MAE: 0.05399712608250575
RMSE: 0.15308070643822286
F1-score: 0.9683711553654616
Recall: 0.9749314317059792
Specificity: 0.9657254138266796

K Neighbor Classifier:
Accuracy: 0.9704273327828241
Precision: 0.9606585418002993
ROC-AUC: 0.9924402845049107
R² Score: 0.8813971982901248

Multinomial Naive Bayes:
Accuracy: 0.930532617671346
Precision: 0.9368526561977949
ROC-AUC: 0.9847943552386603
R² Score: 0.7213972581125792

Dicision Tree:
Accuracy: 0.9536281998348473
Precision: 0.9562585969738652
ROC-AUC: 0.9757426784125919
R² Score: 0.8140233554339914

Random Forest Classifier:
Accuracy: 0.9786333608587944
Precision: 0.9798797156916348
ROC-AUC: 0.9970686890501995
R² Score: 0.9143079233719226

Ada Boost Classifier:
Accuracy: 0.8489626341866227
Precision: 0.8015693448226062
ROC-AUC: 0.9216925700565008
R² Score: 0.394256371371815


Bagging Classifier:
Accuracy: 0.8936312964492156
Precision: 0.8421305182341651
Recall: 0.9547383309759547
F1-Score: 0.8949059201468563
ROC-AUC: 0.9455291021018141


Gradient Boosting Classifer:
Accuracy: 0.8635683319570603
Precision: 0.8152231476577921
Recall: 0.9211728865194212
F1-Score: 0.8649656475876689
ROC-AUC: 0.94327941861334
R² Score: 0.45283332230356843


XGBoost Classifier:
Accuracy: 0.9073338150289018
Precision: 0.8658060048474057
Recall: 0.9522358829289522
F1-Score: 0.9069665017228425
ROC-AUC: 0.9751509248417923
R² Score: 0.6283571894064903
