Linear SVC:
Accuracy: 0.9393321635012386
Precision: 0.9303624161073826
ROC-AUC: 0.9838970157515193
R² Score: 0.7566883186562681
