Accuracy: 0.9786333608587944
Precision: 0.9798797156916348
ROC-AUC: 0.9970686890501995
R² Score: 0.9143079233719226
