Accuracy: 0.8489626341866227
Precision: 0.8015693448226062
ROC-AUC: 0.9216925700565008
R² Score: 0.394256371371815
