Accuracy: 0.9536281998348473
Precision: 0.9562585969738652
ROC-AUC: 0.9757426784125919
R² Score: 0.8140233554339914
