Accuracy: 0.9704273327828241
Precision: 0.9606585418002993
ROC-AUC: 0.9924402845049107
R² Score: 0.8813971982901248
