Accuracy: 0.930532617671346
Precision: 0.9368526561977949
ROC-AUC: 0.9847943552386603
R² Score: 0.7213972581125792
